33610
33614
33615
33617
33619
33629
33630
33633
33634
33645
33646
33648
33668
33669
33671
33672
33677
33678
33679
33684
33685
33696
33700
33701
33702
33703
33704
33705
33706
33707
33708
33712
33719
33739
33743
33744
33747
33749
33764
33781
33793
33794
33797
33798
33801
33802
33805
33806
33850
33852
33867
33872
33879
33880
33882
33911
33912
33913
33915
33916
33917
33918
33919
33920
33922
33923
33928
33997
33998
34001
34002
34004
34005
34006
34008
34009
34010
34013
34014
34023
34025
34026
34034
34079
34081
34082
34084
34086
34087
34102
34103
34104
34105
34106
34107
34108
34109
34114
34122
34123
34124
34127
34128
34130
34131
34142
34143
34146
34148
34149
34150
34152
34153
34155
34157
34159
34161
34162
34195
34196
34289
34295
34299
34300
34301
34302
34321
34324
34325
34327
34328
34360
34361
34362
34363
34364
34365
34367
34404
34405
34406
34407
34408
34409
34410
34412
34413
34416
34417
34431
34436
34438
34439
34440
34441
34442
34443
34444
34446
34447
34448
34449
34450
34479
34588
34602
34603
34604
34605
34606
34607
34608
34609
34610
34611
34612
34624
34630
34636
34638
34639
34640
34681
34683
34685
34686
34688
34699
34700
34701
34702
34703
34704
34705
34706
34709
34711
34712
34713
34714
34721
34727
34729
34730
34731
34732
34733
34734
34735
34736
34737
34738
34770
34771
34818
34879
34885
34886
34887
34888
34889
34890
34891
34892
34893
34894
34895
34896
34904
34905
34906
34918
34926
34927
34941
34942
34943
34944
34945
34968
34969
34970
34971
34972
34973
34974
34975
34976
34977
34978
34981
34982
34985
34997
34998
35016
35017
35018
35019
35020
35021
35022
35023
35024
35025
35032
35033
35172
35184
35189
35190
35191
35192
35193
35194
35195
35196
35197
35198
35199
35200
35201
35202
35214
35215
35216
35230
35247
35248
35249
35250
35261
35262
35263
35264
35265
35267
35268
35269
35270
35271
35273
35274
35275
35280
35281
35282
35288
35290
35291
35292
35310
35311
35312
35313
35314
35315
35316
35317
35318
35319
35320
35327
35328
35449
35475
35476
35477
35478
35479
35480
35481
35482
35483
35484
35485
35486
35487
35503
35509
35523
35539
35540
35541
35542
35544
35545
35546
35547
35548
35549
35550
35551
35552
35553
35554
35555
35558
35559
35561
35562
35566
35567
35568
35575
35579
35600
35601
35602
35603
35604
35605
35606
35607
35608
35615
35616
35740
35751
35752
35753
35773
35774
35775
35776
35777
35778
35779
35780
35781
35782
35783
35784
35805
35806
35807
35809
35817
35818
35824
35825
35826
35827
35828
35829
35830
35840
35841
35842
35843
35844
35846
35847
35848
35849
35850
35851
35854
35855
35856
35869
35870
35871
35872
35873
35874
35875
35876
35877
35878
35879
35880
35881
35920
35921
36077
36078
36097
36098
36099
36100
36101
36102
36103
36104
36105
36106
36107
36108
36109
36110
36111
36112
36124
36138
36139
36140
36141
36142
36147
36148
36149
36150
36151
36152
36153
36154
36155
36157
36158
36159
36161
36162
36202
36203
36204
36205
36206
36207
36208
36209
36210
36211
36212
36286
36305
36382
36383
36384
36385
36386
36387
36388
36389
36390
36391
36392
36393
36394
36399
36400
36401
36402
36434
36435
36436
36437
36442
36443
36444
36445
36446
36447
36448
36454
36455
36456
36457
36458
36459
36460
36461
36464
36465
36466
36506
36507
36508
36509
36510
36511
36512
36513
36605
36606
36607
36627
36673
36674
36675
36676
36677
36678
36704
36705
36706
36707
36708
36709
36710
36711
36712
36728
36729
36730
36741
36750
36751
36752
36753
36754
36755
36756
36760
36761
36762
36764
36765
36766
36767
36768
36769
36770
36775
36777
36836
36837
36838
36839
36840
36841
36842
36843
36844
36845
36847
36848
36849
36933
36934
36995
36996
37008
37009
37010
37011
37012
37013
37014
37015
37016
37017
37018
37019
37020
37021
37022
37038
37039
37040
37048
37049
37050
37051
37052
37053
37056
37057
37058
37059
37060
37065
37066
37067
37068
37070
37071
37072
37073
37074
37077
37079
37080
37081
37083
37084
37085
37086
37087
37088
37089
37112
37113
37114
37115
37168
37169
37170
37171
37172
37173
37174
37175
37176
37188
37189
37190
37191
37192
37193
37194
37195
37196
37197
37198
37199
37200
37201
37202
37210
37212
37217
37218
37219
37220
37221
37222
37223
37224
37225
37226
37227
37229
37230
37231
37232
37233
37235
37236
37237
37238
37239
37240
37241
37242
37243
37244
37245
37246
37247
37248
37249
37250
37251
37252
37253
37254
37255
37256
37257
37258
37259
37288
37289
37290
37291
37292
37293
37294
37299
37300
37301
37302
37303
37304
37307
37308
37309
37310
37311
37312
37313
37314
37315
37316
37317
37318
37319
37320
37321
37322
37323
37324
37325
37326
37327
37328
37329
37330
37331
37332
37333
37334
37335
37336
37337
37338
37339
37362
37363
37364
37371
